VERSION
           15           3
            1
PARAMETERS
      160.000         70.0000         10.0000
      6.00000         1.00000
      70.0000         5.00000
           1400.00000000              450.000000000              60.0000000000           0.000000000000E+0000
           40.0000000000
            2           2           2           2
            1           1           1           1
            0
TEMP_GRAPHICS
            1
            9           8           6
            1           1           3           1           1           0           0           0
     0.000000E+00    0.000000E+00    0.000000E+00    0.000000E+00    0.000000E+00    0.000000E+00
            1           2           3           1           1           0           0           0
     0.000000E+00    0.000000E+00    0.000000E+00    0.000000E+00    0.000000E+00    0.000000E+00
            1           3           6           2           2           0           0           0
     0.000000E+00    0.000000E+00    0.000000E+00    0.000000E+00    0.000000E+00    0.000000E+00
            1           4           6           1           1           0           0           0
     0.000000E+00    0.000000E+00    0.000000E+00    0.000000E+00    0.000000E+00    0.000000E+00
            1           5           6           1           1           0           0           0
     0.000000E+00    0.000000E+00    0.000000E+00    0.000000E+00    0.000000E+00    0.000000E+00
            1           9          13           2           1           0           0           0
     0.000000E+00    0.000000E+00    0.000000E+00    0.000000E+00    0.000000E+00    0.000000E+00
            1           9          10           1           1           0           0           0
     0.000000E+00    0.000000E+00    0.000000E+00    0.000000E+00    0.000000E+00    0.000000E+00
            2           1           2           1           1           0           0           0
     0.000000E+00    0.000000E+00    0.000000E+00    0.000000E+00    0.000000E+00    0.000000E+00
            2           4           5           1           1           0           0           0
     0.000000E+00    0.000000E+00    0.000000E+00    0.000000E+00    0.000000E+00    0.000000E+00
TEMP_GRAPHICS
           10
            7           8           6
            1           1           3           1           2           0           0           0
     0.000000E+00    0.000000E+00    0.000000E+00    0.000000E+00    0.000000E+00    0.000000E+00
            1           2           3           1           1           0           0           0
     0.000000E+00    0.000000E+00    0.000000E+00    0.000000E+00    0.000000E+00    0.000000E+00
            1           1           5           1           2           0           0           0
     0.000000E+00    0.000000E+00    0.000000E+00    0.000000E+00    0.000000E+00    0.000000E+00
            1           1          10           1           1           0           0           0
     0.000000E+00    0.000000E+00    0.000000E+00    0.000000E+00    0.000000E+00    0.000000E+00
            1           3          10           2           1           0           0           0
     0.000000E+00    0.000000E+00    0.000000E+00    0.000000E+00    0.000000E+00    0.000000E+00
            1           5          10           2           1           0           0           0
     0.000000E+00    0.000000E+00    0.000000E+00    0.000000E+00    0.000000E+00    0.000000E+00
            1           4           5           1           1           0           0           0
     0.000000E+00    0.000000E+00    0.000000E+00    0.000000E+00    0.000000E+00    0.000000E+00
TEMP_SETTINGS
            1
Double Wishbone, damper to lower wishbone
            4          18           8          16           3
Lower Wishbone
Upper Wishbone
Track Rod
Upright
Lower wishbone front pivot
lca_front
Not Defined
Not Defined
Not Defined
Not Defined
      3819.00         313.000         225.600
            1           0           1          -1           1           0           0           0           0
            0           0           0           0           0           0           0
Lower wishbone rear pivot
lca_rear
Not Defined
Not Defined
Not Defined
Not Defined
      4179.00         280.000         185.900
            2           0           1          -1           2           0           0           0           0
            0           0           0           0           0           0           0
Lower wishbone outer ball joint
lca_outer
Not Defined
Not Defined
Not Defined
Not Defined
      4092.00         723.500         167.100
            3           1           1           4           3           1           2           0           6
            9           0           9           0           0           0           0
Upper wishbone front pivot
uca_front
Not Defined
Not Defined
Not Defined
Not Defined
      4092.50         420.000         452.000
            5           0           2          -1           4           0           0           0           0
            0           0           0           0           0           0           0
Upper wishbone rear pivot
uca_rear
Not Defined
Not Defined
Not Defined
Not Defined
      4332.00         420.000         446.000
            6           0           2          -1           5           0           0           0           0
            0           0           0           0           0           0           0
Upper wishbone outer ball joint
uca_outer
Not Defined
Not Defined
Not Defined
Not Defined
      4092.50         695.500         454.100
            7           1           2           4           6           4           5           0           3
            9           0           8           0           0           0           0
Damper wishbone end
lwr_strut_mount
Not Defined
Not Defined
Not Defined
Not Defined
      4146.50         600.000         203.600
            8           2           1           0           0           1           2           3           0
            0           0           4           0           0           0           0
Damper body end
top_mount
Not Defined
Not Defined
Not Defined
Not Defined
      4180.00         475.000         593.600
            9           0          -1           0           0           0           0           0           0
            0           0           5           0           0           0           0
Outer track rod ball joint
tierod_outer
Not Defined
Not Defined
Not Defined
Not Defined
      4214.50         740.500         208.000
           11           1           3           4           8          10           0           0           3
            6           0           0           0           0           0           0
Inner track rod ball joint
tierod_inner
Not Defined
Not Defined
Not Defined
Not Defined
      4245.50         308.000         227.000
           12           0           3          -1           7           0           0           0           0
            0           0           3           0           0           0           0
Upper spring pivot point
top_mount
Not Defined
Not Defined
Not Defined
Not Defined
      4180.00         486.000         690.000
           16           0          -1           0           0           0           0           0           0
            0           0           7           0           0           0           0
Lower spring pivot point
lwr_strut_mount
Not Defined
Not Defined
Not Defined
Not Defined
      4145.00         645.000         210.000
           17           2           1           0           0           1           2           3           0
            0           0           6           0           0           0           0
Wheel spindle point
DERIVED
Not Defined
Not Defined
Not Defined
Not Defined
      4092.50         701.000         313.100
           18           5           4           0           0           3           9          14           0
            0           0           2           0           0           0           0
Wheel centre point
wheel_center
Not Defined
Not Defined
Not Defined
Not Defined
      4092.50         750.000         313.100
           19           3           4           0           0           3           6           9           0
            0           0           1           0           0           0           0
Part 1 C of G
Not Defined
Not Defined
Not Defined
Not Defined
Not Defined
      4030.00         440.000         195.000
           20           2           1           0           0           1           2           3           0
            0           0          25           0           0           0           0
Part 2 C of G
Not Defined
Not Defined
Not Defined
Not Defined
Not Defined
      4170.00         520.000         450.000
           21           2           2           0           0           4           5           6           0
            0           0          25           0           0           0           0
Part 3 C of G
Not Defined
Not Defined
Not Defined
Not Defined
Not Defined
      4230.00         525.000         220.000
           22           7           3           0           0          10           9           0           0
            0           0          25           0           0           0           0
Part 4 C of G
Not Defined
Not Defined
Not Defined
Not Defined
Not Defined
      4130.00         720.000         275.000
           23           2           4           0           0           3           6           9           0
            0           0          25           0           0           0           0
            1           2           3
     0.000000E+00    0.000000E+00    0.000000E+00
      1.00000         1.00000         1.00000
TEMP_SETTINGS
           10
Trailing Arm, upper and lower rear links
            3          14           5          16           3
Lower Link
Upper Link
Arm
Trailing arm front pivot
Not Defined
Not Defined
Not Defined
Not Defined
Not Defined
      2891.00         410.000         207.000
            1           0           3          -1           1           0           0           0           0
            0           0           0           0           0           0           0
Lower link inner ball joint
Not Defined
Not Defined
Not Defined
Not Defined
Not Defined
      3625.50         126.000         190.500
            2           0           1          -1           2           0           0           0           0
            0           0           0           0           0           0           0
Lower link outer ball joint
Not Defined
Not Defined
Not Defined
Not Defined
Not Defined
      3492.00         595.000         166.100
            3           1           1           3           3           1           2           0           1
            5           0           0           0           0           0           0
Upper link inner ball joint
Not Defined
Not Defined
Not Defined
Not Defined
Not Defined
      3491.00         410.000         424.100
            5           0           2          -1           4           0           0           0           0
            0           0           0           0           0           0           0
Upper link outer ball joint
Not Defined
Not Defined
Not Defined
Not Defined
Not Defined
      3491.00         630.000         423.100
            7           1           2           3           5           1           4           0           1
            3           0           0           0           0           0           0
Damper lower trailing arm end
Not Defined
Not Defined
Not Defined
Not Defined
Not Defined
      3494.00         595.000         166.100
            8           2           3           0           0           1           3          11           0
            0           0           4           0           0           0           0
Damper body end
Not Defined
Not Defined
Not Defined
Not Defined
Not Defined
      3450.00         300.000         600.000
            9           0          -1           0           0           0           0           0           0
            0           0           5           0           0           0           0
Upper spring pivot point
Not Defined
Not Defined
Not Defined
Not Defined
Not Defined
      3450.00         300.000         600.000
           16           0          -1           0           0           0           0           0           0
            0           0           7           0           0           0           0
Spring lower trailing arm end
Not Defined
Not Defined
Not Defined
Not Defined
Not Defined
      3494.00         595.000         166.100
           17           2           3           0           0           1           3          11           0
            0           0           6           0           0           0           0
Wheel spindle point
DERIVED
Not Defined
Not Defined
Not Defined
Not Defined
      3435.00         708.500         307.100
           18           5           3           0           0           1           3          11           0
            0           0           2           0           0           0           0
Wheel centre point
Not Defined
Not Defined
Not Defined
Not Defined
Not Defined
      3435.00         768.500         307.100
           19           3           3           0           0           1           3           5           0
            0           0           1           0           0           0           0
Part 1 C of G
Not Defined
Not Defined
Not Defined
Not Defined
Not Defined
      3560.00         360.000         180.000
           20           7           1           0           0           2           3           0           0
            0           0          25           0           0           0           0
Part 2 C of G
Not Defined
Not Defined
Not Defined
Not Defined
Not Defined
      3490.00         520.000         425.000
           21           7           2           0           0           4           5           0           0
            0           0          25           0           0           0           0
Part 3 C of G
Not Defined
Not Defined
Not Defined
Not Defined
Not Defined
      3290.00         545.000         265.000
           22           2           3           0           0           1           3           5           0
            0           0          25           0           0           0           0
            1           2           3
     0.000000E+00    0.000000E+00    0.000000E+00
      1.00000         1.00000         1.00000
EXTENDED_TYRE
            0           0
FRONT SUSPENSION
            1
          -142.305404663             -170.341903687              343.634887695
           127.694602966             -170.341903687              343.634887695
          -7.30539989471             -534.058410645              206.756195068
          -135.524795532             -195.752899170              510.548004150
           154.475204468             -195.752899170              510.548004150
           9.47519969940             -498.269714355              398.559600830
          -7.49219989777             -398.749786377              289.020507813
          -9.27200031281             -264.777801514              623.226989746
           148.713104248             -466.329406738              301.427886963
           151.471374512             -180.094100952              407.692810059
          -9.27200031281             -264.777801514              623.226989746
          -7.49219989777             -398.749786377              289.020507813
        0.000000000000E+0000         -518.477905273              290.257293701
        0.000000000000E+0000         -643.559814453              292.069396973
           840.000000000           0.000000000000E+0000          450.000000000
        0.000000000000E+0000       0.000000000000E+0000       0.000000000000E+0000
        0.000000000000E+0000       0.000000000000E+0000       0.000000000000E+0000
        0.000000000000E+0000       0.000000000000E+0000       0.000000000000E+0000
           292.100006104
REAR SUSPENSION
           10
           966.904418945              348.024414063              346.848632813
           1499.58654785              134.464004517              352.780822754
           1464.43859863              484.028900146              266.683715820
           1501.50610352              145.865798950              420.803710938
           1464.21630859              470.081085205              338.815826416
           1213.99304199              415.956604004              352.585021973
           1151.00683594              353.535705566              722.401855469
           1151.02392578              353.535705566              719.657653809
           1213.99304199              415.956604004              352.585021973
           1399.99353027              484.029785156              290.294616699
           1400.00000000              609.599975586              292.070831299
           840.000000000           0.000000000000E+0000          449.970825195
        0.000000000000E+0000       0.000000000000E+0000      -2.917881682515E-02
        0.000000000000E+0000       0.000000000000E+0000      -2.917881682515E-02
           292.100006104
TOLERANCES
        1.000000000000E-10         5.000000000000E-02         5.000000000000E-02
TITLES
            0
TYRE
           177.100006104              177.100006104              177.100006104              177.100006104
ROLL SOLUTION
            1
GROUPS
            2
Points 1,2 and 3 (front)
            3
            1           1
            2           1
            3           1
Points 3 and 7 (front)
            2
            3           1
            7           1
COMPLIANCE
            0
      41.5000         300.000         246.500
      41.5000         300.000         246.500
      400.000
     2.000000E+06
     0.400000        0.400000
            0
      41.5000         300.000         246.500
      41.5000         300.000         246.500
      400.000
     2.000000E+06
     0.400000        0.400000
           1000.00000000
MODAL
            4
            1           0           1
            1           0           1
      1.00000         1000.00         1000.00         1000.00        0.000000E+00    0.000000E+00    0.000000E+00
     0.000000E+00    0.000000E+00     100.000
      100.000        0.000000E+00    0.000000E+00
      1.00000         1000.00         1000.00         1000.00        0.000000E+00    0.000000E+00    0.000000E+00
     0.000000E+00    0.000000E+00     100.000
      100.000        0.000000E+00    0.000000E+00
            1           0           1
            1           0           1
      1.00000         1000.00         1000.00         1000.00        0.000000E+00    0.000000E+00    0.000000E+00
     0.000000E+00    0.000000E+00     100.000
      100.000        0.000000E+00    0.000000E+00
      1.00000         1000.00         1000.00         1000.00        0.000000E+00    0.000000E+00    0.000000E+00
     0.000000E+00    0.000000E+00     100.000
      100.000        0.000000E+00    0.000000E+00
            1           0           1
            1           0           1
      1.00000         1000.00         1000.00         1000.00        0.000000E+00    0.000000E+00    0.000000E+00
     0.000000E+00    0.000000E+00     100.000
      100.000        0.000000E+00    0.000000E+00
      1.00000         1000.00         1000.00         1000.00        0.000000E+00    0.000000E+00    0.000000E+00
     0.000000E+00    0.000000E+00     100.000
      100.000        0.000000E+00    0.000000E+00
            1           0           1
            1           0           1
      1.00000         1000.00         1000.00         1000.00        0.000000E+00    0.000000E+00    0.000000E+00
     0.000000E+00    0.000000E+00     100.000
      100.000        0.000000E+00    0.000000E+00
      1.00000         1000.00         1000.00         1000.00        0.000000E+00    0.000000E+00    0.000000E+00
     0.000000E+00    0.000000E+00     100.000
      100.000        0.000000E+00    0.000000E+00
            3
            1           0           1
            1           0           1
      1.00000         1000.00         1000.00         1000.00        0.000000E+00    0.000000E+00    0.000000E+00
     0.000000E+00    0.000000E+00     100.000
      100.000        0.000000E+00    0.000000E+00
      1.00000         1000.00         1000.00         1000.00        0.000000E+00    0.000000E+00    0.000000E+00
     0.000000E+00    0.000000E+00     100.000
      100.000        0.000000E+00    0.000000E+00
            1           0           1
            1           0           1
      1.00000         1000.00         1000.00         1000.00        0.000000E+00    0.000000E+00    0.000000E+00
     0.000000E+00    0.000000E+00     100.000
      100.000        0.000000E+00    0.000000E+00
      1.00000         1000.00         1000.00         1000.00        0.000000E+00    0.000000E+00    0.000000E+00
     0.000000E+00    0.000000E+00     100.000
      100.000        0.000000E+00    0.000000E+00
            1           0           1
            1           0           1
      1.00000         1000.00         1000.00         1000.00        0.000000E+00    0.000000E+00    0.000000E+00
     0.000000E+00    0.000000E+00     100.000
      100.000        0.000000E+00    0.000000E+00
      1.00000         1000.00         1000.00         1000.00        0.000000E+00    0.000000E+00    0.000000E+00
     0.000000E+00    0.000000E+00     100.000
      100.000        0.000000E+00    0.000000E+00
FSETS
User Definable Default Set
            2
            2
      1.00000
      1.00000
     0.000000E+00
     0.000000E+00
     0.000000E+00
     0.000000E+00
            3
      1.00000
      1.00000
     0.000000E+00
     0.000000E+00
     0.000000E+00
     0.000000E+00
RAVEN_DEFAULTS
           14           7
     0.000000E+00
     0.000000E+00
     0.000000E+00
      1250.00
      500.000
      2500.00
      3000.00
      2.00000
      2.00000
      16.0000
      1800.00
      1500.00
      1.00000
      1.00000
      50.0000         50.0000         50.0000         50.0000
      10.0000         10.0000         10.0000         10.0000
     0.400000        0.400000        0.400000        0.400000
      1.00000         1.00000         1.00000         1.00000
      18.1000         18.1000         18.1000         18.1000
     6.900000E-02    6.900000E-02    6.900000E-02    6.900000E-02
      3.00000         3.00000         3.00000         3.00000
FORCED_DAMP
            1
           3.00000000000
